9
u = 454555
v = 454545
a = 9
boo = 16
s = 335.500000
l = 30.500000
