9

c = 5
u = 55
v = 45
a = 9
boo = 16
s = 30.500000
l = 30.500000
